13974539761563255
13924374559818317
13974539761563255
13924374559818317
13974539761563255
13924374559818317
13974539761563255
13924374559818317
13922312961511533
13974539761563255
13924374559818317
13922312961511533
13922312961511533
13922312961511533
13922312961511533
13922312961511533
13974539761563255
13924374559818317
13922312961511533
13922312961511533
13974539761563255
13974539761563255
13924374559818317
13922312961511533
13911730161282563
13974539761563255
13924374559818317
13922312961511533
13911730161282563
13974539761563255
13924374559818317
13922312961511533
13911730161282563
13901009926481623
13897436526786161
13893313412722735
13891114364543171
13889327623616781
13888365595139345
13974539761563255
13922312961511533
13911730161282563
13901009926481623
13897436526786161
13893313412722735
13891114364543171
13889327623616781
13888365595139345
13887815784850291
13974539761563255
13922312961511533
13911730161282563
13901009926481623
13897436526786161
13893313412722735
13891114364543171
13889327623616781
13888365595139345
13887815784850291
13886853963356691
13886029500704941
13885204488532467
13753950378929211
159451036420872
143370762649517
141721498282852
141034229348408
140347046006856
138562317017534
4400467507381229
4400116272016079
4399917931793622
4399902631013743
4395136215449645
4394193730431295
4392188249258489
4389655400950955
4388102749249403
4387478221854094
4386322648964513
4385266238633004
13883418925664037
140348211977571
139248700531840
138836384057452
138561505919500
138149196043804
138149188854352
82486412883462
160482671463
160482668800
160482668062
160482667075
160482666075
160482665000
160482664122
160482662701
160482660845
160482659641
160482658544
160482656834
13883418925664037
140348211977571
139248700531840
138836384057452
138561505919500
138149196043804
138149188854352
82486412883462
160482671463
160482668800
160482668062
160482667075
160482666075
160482665000
160482664122
160482662701
160482660845
160482659641
160482658544
160482656834
13883418925664037
13883418925664037
140348211977571
139248700531840
138836384057452
138561505919500
138149196043804
138149188854352
82486412883462
160482671463
160482668800
160482668062
160482667075
160482666075
160482665000
160482664122
160482662701
160482660845
160482659641
160482658544
160482656834
13883418925664037
140348211977571
139248700531840
138836384057452
138561505919500
138149196460526
138149188931148
82486412936055
160482672234
160482669028
160482668103
160482667223
160482666148
160482665010
160482664137
160482663048
160482660995
160482659764
160482658829
160482657052
4387522996010429
4387522978881075
4387522966256980
4387522941763703
4387522928768300
4387522916049292
4387522899607073
4387522887006082
4387522874449974
4387522857151939
4387522853385150
4387522853385150
4387522853385150
4387522853385150
4387522853385150
4387522853385150
4387522853385150
4387522853385150
4387522853385150
4387522853385150
4387522853385150
4387522853385150
4387522853385150
4387522853385150
4387522853385150
4387522853385150
4387522853385150
4387522853385150
4387522853385150
4387522853385150
4387522853385150
4387522853385150
4387522853385150
4387522853385150
4387522853385150
4387522853385150
4387522853385150
4387522853385150
4387522853385150
4387522853385150
4387522853385150
4387522853385150
4387522853385150
4387522853385150
4387522853385150
4387522853385150
4387522853385150
4387522853385150
4387522853385150
4387522853385150
4387522853385150
4387522853385150
4387522853385150
4387522853385150
4387522853385150
4387522853385150
4387522853385150
4387522853385150
4387522853385150
4387522853385150
4387522853385150
4387522853385150
4387522853385150
4387522853385150
4387522853385150
4387522853385150
4387522853385150
4387522853385150
4387522853385150
4387522853385150
4387522853385150
4387522853385150
4387522853385150
4387522853385150
4387522853385150
4387522853385150
4387522853385150
4387522853385150
4387522853385150
4387522853385150
4387522853385150
13883418925664037
13883418925664037
13883418925664037
13883418925664037
140348211977571
139248700531840
138836384057452
138561505919500
138149196460526
138149188931148
82486412936055
160482672234
160482669028
160482668103
160482667223
160482666148
160482665010
160482664137
160482663048
160482660995
160482659764
160482658829
160482657052
4387522996010429
4387522978881075
4387522966256980
4387522941763703
4387522928768300
4387522916049292
4387522899607073
4387522887006082
4387522874449974
4387522857151939
4387522853385150
4387522853385150
4387522853385150
4387522853385150
4387522853385150
4387522853385150
4387522853385150
4387522853385150
4387522853385150
4387522853385150
4387522853385150
4387522853385150
4387522853385150
4387522853385150
4387522853385150
4387522853385150
4387522853385150
4387522853385150
4387522853385150
4387522853385150
4387522853385150
4387522853385150
4387522853385150
4387522853385150
4387522853385150
4387522853385150
4387522853385150
4387522853385150
4387522853385150
4387522853385150
4387522853385150
4387522853385150
4387522853385150
4387522853385150
4387522853385150
4387522853385150
4387522853385150
13883418925664037
140348211977571
139248700531840
138836384057452
138561505919500
138149196460526
138149188931148
82486412936055
160482672234
160482669028
160482668103
160482667223
160482666148
160482665010
160482664137
160482663048
160482660995
160482659764
160482658829
160482657052
4387522996010429
4387522978881075
4387522966256980
4387522941763703
4387522928768300
4387522916049292
4387522899607073
4387522887006082
4387522874449974
4387522857151939
4387522853385150
4387522853385150
4387522853385150
4387522853385150
4387522853385150
4387522853385150
4387522853385150
4387522853385150
4387522853385150
4387522853385150
4387522853385150
4387522853385150
4387522853385150
4387522853385150
4387522853385150
4387522853385150
4387522853385150
4387522853385150
4387522853385150
4387522853385150
4387522853385150
4387522853385150
4387522853385150
4387522853385150
4387522853385150
4387522853385150
4387522853385150
4387522853385150
4387522853385150
4387522853385150
4387522853385150
4387522853385150
4387522853385150
4387522853385150
4387522853385150
4387522853385150
4387522853385150
4387522853385150
4387522853385150
4387522853385150
4387522853385150
4387522853385150
4387522853385150
4387522853385150
4387522853385150
4387522853385150
4387522853385150
4387522853385150
4387522853385150
4387522853385150
4387522853385150
4387522853385150
4387522853385150
4387522853385150
4387522853385150
4387522853385150
4387522853385150
4387522853385150
4387522853385150
4387522853385150
4387522853385150
4387522853385150
4387522853385150
4387522853385150
4387522853385150
4387522853385150
4387522853385150
4387522853385150
4387522853385150
4387522853385150
4387522853385150
13883418925664037
140348211977571
139248700531840
138836384057452
138561505919500
138149196460526
138149188931148
82486412936055
160482672234
160482669028
160482668103
160482667223
160482666148
160482665010
160482664137
160482663048
160482660995
160482659764
160482658829
160482657052
4387522996010429
4387522978881075
4387522966256980
4387522941763703
4387522928768300
4387522916049292
4387522899607073
4387522887006082
4387522874449974
4387522857151939
4387522853385150
4387522853385150
4387522853385150
4387522853385150
4387522853385150
4387522853385150
4387522853385150
4387522853385150
4387522853385150
4387522853385150
4387522853385150
4387522853385150
4387522853385150
4387522853385150
4387522853385150
4387522853385150
4387522853385150
4387522853385150
4387522853385150
4387522853385150
4387522853385150
4387522853385150
4387522853385150
4387522853385150
4387522853385150
4387522853385150
4387522853385150
4387522853385150
4387522853385150
4387522853385150
4387522853385150
4387522853385150
4387522853385150
4387522853385150
4387522853385150
4387522853385150
4387522853385150
4387522853385150
4387522853385150
4387522853385150
4387522853385150
4387522853385150
4387522853385150
4387522853385150
4387522853385150
4387522853385150
4387522853385150
4387522853385150
4387522853385150
4387522853385150
4387522853385150
4387522853385150
4387522853385150
4387522853385150
4387522853385150
4387522853385150
4387522853385150
4387522853385150
4387522853385150
4387522853385150
4387522853385150
4387522853385150
4387522853385150
4387522853385150
4387522853385150
4387522853385150
13883418925664037
13883418925664037
13883418925664037
13883418925664037
140348211977571
139248700531840
138836384057452
138561505919500
138149196460526
138149188931148
82486412936055
160482672234
160482669028
160482668103
160482667223
160482666148
160482665010
160482664137
160482663048
160482660995
160482659764
160482658829
160482657052
4387522996010429
4387522978881075
4387522966256980
4387522941763703
4387522928768300
4387522916049292
4387522899607073
4387522887006082
4387522874449974
4387522857151939
4387522853385150
4387574501770874
4387523268646506
4387523214014976
4387523201408087
4387523184600565
4387523167791814
4387523151241852
4387523134429205
4387523117438344
4387523083997857
4387523066958596
4387523050379533
4387523021224220
4387522999907113
4387522978881386
4387522966258774
4387522945236400
4387522928771326
4387522916155558
4387522900014345
4387522890801875
4387522874452181
4387522857582813
4387522853385150
4387574501770874
4387523268646506
4387523214014976
4387523201408087
4387523184600565
4387523167791814
4387523151241852
4387523134429205
4387523117438344
4387523083997857
4387523066958596
4387523050379533
4387523021224220
4387522999907113
4387522978881386
4387522966258774
4387522945236400
4387522928771326
4387522916155558
4387522900014345
4387522890801875
4387522874452181
4387522857582813
13883418925664037
140348211977571
139248700531840
138836384057452
138561505919500
138149196460526
138149188931148
82486412936055
160482672234
160482669028
160482668103
160482667223
160482666148
160482665010
160482664137
160482663048
160482660995
160482659764
160482658829
160482657052
4387522996010429
4387522978881075
4387522966256980
4387522941763703
4387522928768300
4387522916049292
4387522899607073
4387522887006082
4387522874449974
4387522857151939
13883418925664037
140348211977571
139248700531840
138836384057452
138561505919500
138149196460526
138149188931148
82486412936055
160482672234
160482669028
13883418925664037
140348211977571
139248700531840
138836384057452
138561505919500
138149196460526
138149188931148
82486415687587
160484039371
160482669154
171272886878637
152718628197198
147908265249603
146121560105209
145159489121410
144747168959757
144334851980357
143785096817096
143510218443689
143097902903848
171272886878637
152718628828570
147908265249603
146121560105209
145159489121410
144747168959757
144334851980357
143785096817096
143510218443689
143097903271715
142823024062718
142548145660353
142273268848080
142135829602032
141998389795119
141723514094733
141586073310333
141311206815294
141173767739690
141173756189572
4402733295394178
4402732201136300
4402732201136300
4402732201136300
4402732201136300
4402732201136300
4402732201136300
4402732201136300
4402732201136300
4402732201136300
4402732201136300
4402732201136300
4402732201136300
4402732201136300
4402732201136300
4402732201136300
4402732201136300
4402732201136300
4402732201136300
4402732201136300
4402732201136300
4402732201136300
4402732201136300
4402732201136300
4402732201136300
4402732201136300
4402732201136300
4402732201136300
4402732201136300
4402732201136300
4402732201136300
4402732201136300
4402732201136300
4402732201136300
4402732201136300
4402732201136300
4402732201136300
4402732201136300
4402732201136300
4402732201136300
4402732201136300
4402732201136300
4402732201136300
4402732201136300
4402732201136300
4402732201136300
4402732201136300
4402732201136300
4402732201136300
4402732201136300
4402732201136300
4402732201136300
4402732201136300
4402732201136300
4402732201136300
4402732201136300
4402732201136300
4402732201136300
4402732201136300
4402732201136300
4402732201136300
4402732201136300
4402732201136300
4402732201136300
4402732201136300
4402732201136300
4402732201136300
4402732201136300
4402732201136300
4402732201136300
4402732201136300
4402732201136300
4402732201136300
4402732201136300
4402732201136300
4402732201136300
4402732201136300
4402732201136300
4402732201136300
4402732201136300
4402732201136300
4402733295394178
4402733295394178
4402733295394178
4402733295394178
4402733295394178
4402733295394178
4402733295394178
4402733295394178
4402733295394178
4402733295394178
4402733295394178
4402733295394178
4402733295394178
4402733295394178
4402733295394178
4402733295394178
4402735786493601
4402735786493601
4402735786493601
4402735786493601
4402735786493601
4402735786493601
4402735786493601
4402735786493601
4402735786493601
4402735786493601
4402735786493601
4402735786493601
4402735786493601
4402735786493601
4402735786493601
4402735786493601
4402735786493601
4402735786493601
4402735786493601
4402735786493601
4402735786493601
4402735786493601
4402735786493601
4402735786493601
4402735786493601
4402735786493601
4402735786493601
4402735786493601
4402735786493601
4402735786493601
4402735786493601
4402735786493601
4402735786493601
4402735786493601
4402735786493601
4402735786493601
4402735786493601
4402735786493601
4402735786493601
4402735786493601
4402735786493601
4402735786493601
4402735786493601
4402735786493601
4402735786493601
4402735786493601
4402735786493601
4402735786493601
4402735786493601
4402735786493601
4402735786493601
4402735786493601
4402735786493601
4402735786493601
4402735786493601
4402735786493601
4402735786493601
4402735786493601
4402735786493601
4402735786493601
4402735786493601
4402735786493601
4402735786493601
4402735786493601
4402735786493601
4402735786493601
4402735786493601
4402735786493601
4402735786493601
4402735786493601
4402735786493601
4402735786493601
4402735786493601
4402735786493601
4402735786493601
4402735786493601
4402735786493601
4402735786493601
4402735786493601
4402735786493601
4402735786493601
4402735786493601
4402735786493601
4402735786493601
4402735786493601
4402735786493601
4402735786493601
4402735786493601
4402735786493601
4402735786493601
4402735786493601
4402735786493601
4402735786493601
4402735786493601
4402735786493601
4402735786493601
4402735786493601
4402735786493601
4402735786493601
4402735786493601
4402735786493601
4402735786493601
4402735786493601
4402735786493601
4402735786493601
4402735786493601
4402735786493601
4402735786493601
4402735786493601
4402735786493601
4402735786493601
4402735786493601
4402735786493601
4402735786493601
4402735786493601
4402735786493601
4402735786493601
4402735786493601
4402735786493601
4402735786493601
4402735786493601
4402735786493601
4402735786493601
4402735786493601
4402735786493601
4402735786493601
4402735786493601
4402735786493601
4402735786493601
4402735786493601
4402735786493601
4402737854998024
4402737854998024
4402737854998024
4402737854998024
4402737854998024
4402737854998024
4402737854998024
4402737854998024
4402737854998024
4402737854998024
4402737854998024
4402737854998024
4402737854998024
4402737854998024
4402737854998024
4402737854998024
4402737854998024
4402737854998024
4402737854998024
4402737854998024
4402737854998024
4402737854998024
4402737854998024
4402737854998024
4402737854998024
4402737854998024
4402737854998024
4402737854998024
4402737854998024
4402737854998024
4402737854998024
4402737854998024
4402737854998024
4402737854998024
4402737854998024
4402737854998024
4402737854998024
4402737854998024
4402737854998024
4402737854998024
4402737854998024
4402737854998024
4402737854998024
4402737854998024
4402737854998024
4402737854998024
4402737854998024
4402737854998024
4402737854998024
4402737854998024
4402737854998024
4402737854998024
4402737854998024
4402737854998024
4402737854998024
4402737854998024
4402737854998024
4402737854998024
4402737854998024
4402737854998024
4402737854998024
4402737854998024
4402737854998024
4402737854998024
4402737854998024
4402737854998024
4402737854998024
4402737854998024
4402737854998024
4402737854998024
4402737854998024
4402737854998024
4402737854998024
4402737980835136
4402737980835136
4402737980835136
4402737980835136
4402737980835136
4402737980835136
4402737980835136
4402737980835136
4402737980835136
4402737980835136
4402737980835136
4402737980835136
4402737980835136
4402737980835136
4402737980835136
4402737980835136
4402737980835136
4402737980835136
4402737980835136
4402737980835136
4402737980835136
4402737980835136
4402737980835136
4402737980835136
4402737980835136
4402737980835136
4402737980835136
4402737980835136
4402737980835136
4402737980835136
4402737980835136
4402737980835136
4402737980835136
4402737980835136
4402737980835136
4402737980835136
4402737980835136
4402737980835136
4402737980835136
4402737980835136
4402737980835136
4402737980835136
4402737980835136
4402737980835136
4402737980835136
4402737980835136
4402737980835136
4402737980835136
4402737980835136
4402737980835136
4402737980835136
4402737980835136
4402737980835136
4402737980835136
4402737980835136
4402737980835136
4402737980835136
4402737980835136
4402737980835136
4402737980835136
4402737980835136
4402737980835136
4402737980835136
4402737980835136
4402737980835136
4402737980835136
4402737980835136
4402737980835136
4402737980835136
4402737980835136
4402737980835136
4402737980835136
4402737980835136
4402737980835136
4402737980835136
4402737980835136
4402737980835136
4402737980835136
4402737980835136
4402737980835136
4402737980835136
4402737980835136
4402737980835136
4402737980835136
4402737980835136
4402737980835136
4402737980835136
4402737980835136
4402737980835136
4402737980835136
4402737980835136
4402737980835136
4402737980835136
4402737980835136
4402737980835136
4402737980835136
4402737980835136
4402737980835136
4402737980835136
4402737980835136
4402737980835136
4402737980835136
4402737980835136
4402737980835136
4402737980835136
4402737980835136
4402737980835136
4402737980835136
4402737980835136
4402737980835136
4402737980835136
4402737980835136
4402737980835136
4402737980835136
4402737980835136
4402737980835136
4402737980835136
4402737980835136
4402737980835136
4402737980835136
4402737980835136
4402737980835136
4402737980835136
4402737980835136
4402737980835136
4402737980835136
4402737980835136
4402737980835136
4402737980835136
4402737980835136
4402737980835136
4402737980835136
4402737980835136
4402737980835136
4402737980835136
4402737980835136
4402737980835136
4402737980835136
4402737980835136
4402737980835136
4402737980835136
4402737980835136
4402737980835136
4402737980835136
4402737980835136
4402737980835136
4402737980835136
4402737980835136
4402737980835136
4402737980835136
4402737980835136
4402737980835136
4402737980835136
4402737980835136
4402737980835136
4402737980835136
4402737980835136
4402737980835136
4402737980835136
4402737980835136
4402737980835136
4402737980835136
4402737980835136
4402737980835136
4402737980835136
4402737980835136
4402737980835136
4402737980835136
4402737980835136
4402737980835136
4402737980835136
4402737980835136
4402737980835136
4402737980835136
4402737980835136
4402737980835136
4402737980835136
4402737980835136
4402737980835136
4402737980835136
